Run A output - 
== fifo ==
20000,99.477
20000,-1
20000,-1
20000,-1
20000,-1
20000,-1
20000,98.542
40000,98.864
40000,-1
40000,-1
40000,-1
40000,-1
40000,-1
40000,98.282
60000,98.568
60000,-1
60000,-1
60000,-1
60000,-1
60000,-1
60000,98
== priority ==
20000,99.477
20000,-1
20000,-1
20000,-1
20000,-1
20000,98.542
40000,98.864
40000,-1
40000,-1
40000,-1
40000,-1
40000,-1
40000,98.282
60000,98.568
60000,-1
60000,-1
60000,-1
60000,-1
60000,-1
60000,98
== state files (must be EMPTY listing) ==
no persistence files written (correct)
